440232199011253025
441423199008164721
441481199010154163
432831197603091223
532923198301122331
510902198401242202
441623198412093749
412725198908115722
412828199003022125
432503197908160830
510502198209167415
513822199005255826
432423197410096931
411023198402202034
362424197701281131
511304198210017417
41302719780708565X
441422198705200029
441622198807094731
44088319860814265X
43041919790622411X
410928198203066113
362502198410284422
431225198510251420
510227198004106687
430221197410255052
350424198103251021
441423197009044714
430921198910233889
421003198612183528
441421198208085115
441424198802042846
430725198606123024
430703198310227168
421125198504112749
430623198901284826
370831197711033911
372830196902165213
452225198806084224
430321199010288802
422202198608075212
34120419891206144X
430181198712177657
441426198508210311
430923198004095220
441882198602092721
372922197610022616
441321197812113522
421083198811190423
441621198001091826
440825198305101160
431024198706090326
420621198409273864
430703197610023955
410881198303287016
152221198403044256
460100197609205114
372824197010011216
441481198405171684
350583198810228360
441422199005220621
440982199108135422
422103197607010412
36031319870613004X
432524198612056141
431128198908103413
350583197209208348
431023198103142717
362330198910062708
350583199006138326
441422198506084862
420821198201206321
513022197912087798
44098219890112496X
